cam0                    cam1                    cam2                    
1652939616296           1652939616294           1652939616675           
1652939616697           1652939616711           1652939616691           
1652939616714           1652939616727           1652939616709           
1652939616730           1652939616745           1652939616725           
1652939616746           1652939616761           1652939616742           
1652939616764           1652939616777           1652939616759           
1652939616781           1652939616795           1652939616776           
1652939616796           1652939616811           1652939616792           
1652939616814           1652939616827           1652939616808           
1652939616831           1652939616845           1652939616826           
1652939616847           1652939616862           1652939616842           
1652939616864           1652939616878           1652939616859           
1652939616881           1652939616895           1652939616876           
1652939616897           1652939616912           1652939616892           
1652939616913           1652939616928           1652939616909           
1652939616931           1652939616944           1652939616926           
1652939616948           1652939616962           1652939616959           
1652939616963           1652939616978           1652939616975           
1652939616981           1652939616994           1652939616993           
1652939616998           1652939617012           1652939617009           
1652939617014           1652939617029           1652939617025           
1652939617031           1652939617045           1652939617043           
1652939617048           1652939617062           1652939617059           
1652939617064           1652939617079           1652939617076           
1652939617080           1652939617095           1652939617092           
1652939617098           1652939617111           1652939617109           
1652939617114           1652939617129           1652939617126           
1652939617130           1652939617145           1652939617142           
1652939617148           1652939617161           1652939617160           
1652939617165           1652939617179           1652939617176           
1652939617180           1652939617195           1652939617192           
1652939617198           1652939617211           1652939617210           
1652939617215           1652939617229           1652939617226           
1652939617231           1652939617246           1652939617243           
1652939617247           1652939617262           1652939617259           
1652939617265           1652939617279           1652939617276           
1652939617281           1652939617296           1652939617293           
1652939617297           1652939617312           1652939617309           
1652939617315           1652939617328           1652939617327           
1652939617332           1652939617346           1652939617343           
1652939617347           1652939617363           1652939617359           
1652939617365           1652939617378           1652939617377           
1652939617382           1652939617396           1652939617393           
1652939617397           1652939617413           1652939617409           
1652939617415           1652939617429           1652939617427           
1652939617432           1652939617446           1652939617443           
1652939617448           1652939617463           1652939617459           
1652939617464           1652939617479           1652939617477           
1652939617482           1652939617495           1652939617493           
1652939617499           1652939617513           1652939617510           
1652939617532           1652939617529           1652939617526           
1652939617549           1652939617545           1652939617544           
1652939617565           1652939617563           1652939617560           
1652939617582           1652939617579           1652939617577           
1652939617599           1652939617596           1652939617593           
1652939617615           1652939617613           1652939617610           
1652939617631           1652939617630           1652939617626           
1652939617649           1652939617646           1652939617644           
1652939617665           1652939617663           1652939617660           
1652939617681           1652939617680           1652939617677           
1652939617699           1652939617696           1652939617693           
1652939617716           1652939617712           1652939617711           
1652939617731           1652939617730           1652939617727           
1652939617749           1652939617746           1652939617743           
1652939617766           1652939617763           1652939617761           
1652939617782           1652939617780           1652939617777           
1652939617799           1652939617797           1652939617794           
1652939617816           1652939617813           1652939617811           
1652939617832           1652939617830           1652939617827           
1652939617848           1652939617847           1652939617843           
1652939617866           1652939617863           1652939617860           
1652939617883           1652939617879           1652939617878           
1652939617898           1652939617897           1652939617894           
1652939617916           1652939617913           1652939617911           
1652939617933           1652939617929           1652939617928           
1652939617948           1652939617947           1652939617944           
1652939617966           1652939617964           1652939617961           
1652939617983           1652939617980           1652939617977           
1652939617999           1652939617997           1652939617994           
1652939618016           1652939618014           1652939618011           
1652939618033           1652939618030           1652939618028           
1652939618049           1652939618046           1652939618044           
1652939618065           1652939618064           1652939618061           
1652939618083           1652939618080           1652939618077           
1652939618100           1652939618096           1652939618095           
1652939618115           1652939618114           1652939618111           
1652939618133           1652939618130           1652939618128           
1652939618150           1652939618146           1652939618145           
1652939618166           1652939618164           1652939618161           
1652939618183           1652939618181           1652939618177           
1652939618200           1652939618197           1652939618195           
1652939618216           1652939618213           1652939618211           
1652939618232           1652939618231           1652939618228           
1652939618250           1652939618247           1652939618245           
1652939618267           1652939618263           1652939618262           
1652939618282           1652939618281           1652939618278           
1652939618300           1652939618297           1652939618295           
1652939618317           1652939618313           1652939618312           
1652939618332           1652939618331           1652939618328           
1652939618350           1652939618347           1652939618344           
1652939618367           1652939618363           1652939618362           
1652939618383           1652939618380           1652939618378           
1652939618400           1652939618398           1652939618395           
1652939618417           1652939618414           1652939618411           
1652939618433           1652939618430           1652939618428           
1652939618449           1652939618448           1652939618445           
1652939618467           1652939618464           1652939618461           
1652939618484           1652939618480           1652939618479           
1652939618499           1652939618498           1652939618495           
1652939618517           1652939618514           1652939618512           
1652939618534           1652939618530           1652939618529           
1652939618550           1652939618548           1652939618545           
1652939618567           1652939618565           1652939618561           
1652939618584           1652939618581           1652939618578           
1652939618600           1652939618598           1652939618595           
1652939618616           1652939618615           1652939618612           
1652939618634           1652939618631           1652939618628           
1652939618651           1652939618647           1652939618646           
1652939618666           1652939618665           1652939618662           
1652939618684           1652939618681           1652939618678           
1652939618701           1652939618697           1652939618696           
1652939618717           1652939618715           1652939618712           
1652939618734           1652939618732           1652939618728           
1652939618751           1652939618748           1652939618746           
1652939618767           1652939618765           1652939618762           
1652939618783           1652939618782           1652939618779           
1652939618801           1652939618798           1652939618796           
1652939618817           1652939618814           1652939618813           
1652939618833           1652939618832           1652939618829           
1652939618851           1652939618848           1652939618845           
1652939618868           1652939618864           1652939618863           
1652939618883           1652939618882           1652939618879           
1652939618901           1652939618898           1652939618895           
1652939618918           1652939618914           1652939618913           
1652939618934           1652939618932           1652939618929           
1652939618950           1652939618949           1652939618946           
1652939618968           1652939618965           1652939618962           
1652939618984           1652939618981           1652939618979           
1652939619000           1652939618999           1652939618996           
1652939619018           1652939619015           1652939619012           
1652939619035           1652939619031           1652939619030           
1652939619050           1652939619049           1652939619046           
1652939619068           1652939619065           1652939619063           
1652939619085           1652939619081           1652939619080           
1652939619101           1652939619099           1652939619096           
1652939619118           1652939619116           1652939619112           
1652939619135           1652939619132           1652939619129           
1652939619151           1652939619149           1652939619146           
1652939619167           1652939619166           1652939619163           
1652939619185           1652939619182           1652939619180           
1652939619202           1652939619198           1652939619197           
1652939619217           1652939619216           1652939619213           
1652939619235           1652939619232           1652939619229           
1652939619252           1652939619248           1652939619247           
1652939619267           1652939619266           1652939619263           
1652939619285           1652939619282           1652939619279           
1652939619302           1652939619298           1652939619297           
1652939619318           1652939619316           1652939619313           
1652939619335           1652939619333           1652939619330           
1652939619352           1652939619349           1652939619347           
1652939619368           1652939619365           1652939619363           
1652939619384           1652939619383           1652939619380           
1652939619402           1652939619399           1652939619396           
1652939619419           1652939619415           1652939619414           
1652939619434           1652939619433           1652939619430           
1652939619452           1652939619449           1652939619446           
1652939619469           1652939619465           1652939619464           
1652939619485           1652939619483           1652939619480           
1652939619502           1652939619500           1652939619496           
1652939619519           1652939619516           1652939619514           
1652939619535           1652939619532           1652939619530           
1652939619551           1652939619550           1652939619547           
1652939619569           1652939619566           1652939619564           
1652939619586           1652939619582           1652939619581           
1652939619601           1652939619600           1652939619597           
1652939619619           1652939619616           1652939619613           
1652939619636           1652939619632           1652939619631           
1652939619652           1652939619650           1652939619647           
1652939619669           1652939619666           1652939619663           
1652939619686           1652939619683           1652939619681           
1652939619702           1652939619700           1652939619697           
1652939619718           1652939619717           1652939619714           
1652939619736           1652939619733           1652939619747           
1652939619752           1652939619749           1652939619764           
1652939619768           1652939619767           1652939619780           
1652939619786           1652939619783           1652939619798           
1652939619803           1652939619799           1652939619814           
1652939619818           1652939619817           1652939619830           
1652939619836           1652939619833           1652939619848           
1652939619853           1652939619849           1652939619864           
1652939619869           1652939619867           1652939619881           
1652939619886           1652939619884           1652939619898           
1652939619903           1652939619900           1652939619914           
1652939619919           1652939619916           1652939619931           
1652939619935           1652939619934           1652939619948           
1652939619953           1652939619950           1652939619965           
1652939619970           1652939619966           1652939619981           
1652939619985           1652939619984           1652939619997           
1652939620003           1652939620000           1652939620015           
1652939620020           1652939620016           1652939620031           
1652939620036           1652939620034           1652939620048           
1652939620053           1652939620051           1652939620065           
1652939620070           1652939620067           1652939620081           
1652939620086           1652939620084           1652939620098           
1652939620103           1652939620101           1652939620114           
1652939620120           1652939620117           1652939620131           
1652939620137           1652939620133           1652939620148           
1652939620152           1652939620151           1652939620164           
1652939620170           1652939620167           1652939620182           
1652939620187           1652939620183           1652939620198           
1652939620202           1652939620201           1652939620215           
1652939620220           1652939620217           1652939620232           
1652939620237           1652939620234           1652939620248           
1652939620253           1652939620251           1652939620264           
1652939620270           1652939620268           1652939620282           
1652939620287           1652939620284           1652939620298           
1652939620319           1652939620301           1652939620315           
1652939620337           1652939620318           1652939620331           
1652939620354           1652939620334           1652939620349           
1652939620369           1652939620350           1652939620365           
1652939620387           1652939620368           1652939620382           
1652939620404           1652939620384           1652939620399           
1652939620420           1652939620400           1652939620415           
1652939620437           1652939620418           1652939620431           
1652939620454           1652939620435           1652939620449           
1652939620470           1652939620451           1652939620465           
1652939620486           1652939620468           1652939620482           
1652939620504           1652939620485           1652939620498           
1652939620520           1652939620501           1652939620515           
1652939620536           1652939620517           1652939620532           
1652939620554           1652939620535           1652939620548           
1652939620571           1652939620551           1652939620566           
1652939620587           1652939620567           1652939620582           
1652939620604           1652939620585           1652939620598           
1652939620621           1652939620601           1652939620616           
1652939620637           1652939620618           1652939620632           
1652939620653           1652939620635           1652939620648           
1652939620671           1652939620652           1652939620666           
1652939620687           1652939620668           1652939620682           
1652939620703           1652939620684           1652939620699           
1652939620721           1652939620702           1652939620715           
1652939620738           1652939620718           1652939620733           
1652939620753           1652939620734           1652939620749           
1652939620771           1652939620752           1652939620765           
1652939620788           1652939620768           1652939620783           
1652939620804           1652939620784           1652939620799           
1652939620821           1652939620802           1652939620815           
1652939620838           1652939620819           1652939620833           
1652939620854           1652939620835           1652939620849           
1652939620870           1652939620852           1652939620866           
1652939620888           1652939620869           1652939620883           
1652939620905           1652939620885           1652939620900           
1652939620920           1652939620901           1652939620916           
1652939620938           1652939620919           1652939620933           
1652939620955           1652939620935           1652939620950           
1652939620971           1652939620951           1652939620966           
1652939620988           1652939620969           1652939620982           
1652939621005           1652939620986           1652939621000           
1652939621021           1652939621002           1652939621016           
1652939621037           1652939621019           1652939621032           
1652939621055           1652939621036           1652939621050           
1652939621071           1652939621052           1652939621066           
1652939621087           1652939621069           1652939621083           
1652939621105           1652939621086           1652939621099           
1652939621122           1652939621102           1652939621117           
1652939621137           1652939621118           1652939621133           
1652939621155           1652939621136           1652939621149           
1652939621172           1652939621152           1652939621167           
1652939621188           1652939621168           1652939621183           
1652939621205           1652939621186           1652939621200           
1652939621222           1652939621203           1652939621217           
1652939621238           1652939621219           1652939621233           
1652939621254           1652939621236           1652939621250           
1652939621272           1652939621253           1652939621266           
1652939621289           1652939621269           1652939621284           
1652939621304           1652939621285           1652939621300           
1652939621322           1652939621303           1652939621316           
1652939621339           1652939621319           1652939621334           
1652939621355           1652939621336           1652939621350           
1652939621372           1652939621370           1652939621366           
1652939621389           1652939621386           1652939621384           
1652939621405           1652939621403           1652939621400           
1652939621421           1652939621420           1652939621417           
1652939621439           1652939621436           1652939621434           
1652939621456           1652939621452           1652939621450           
1652939621471           1652939621470           1652939621467           
1652939621489           1652939621486           1652939621483           
1652939621506           1652939621502           1652939621501           
1652939621521           1652939621520           1652939621517           
1652939621539           1652939621536           1652939621533           
1652939621556           1652939621553           1652939621551           
1652939621572           1652939621570           1652939621567           
1652939621588           1652939621587           1652939621584           
1652939621606           1652939621603           1652939621600           
1652939621622           1652939621619           1652939621617           
1652939621638           1652939621637           1652939621634           
1652939621656           1652939621653           1652939621650           
1652939621673           1652939621669           1652939621668           
1652939621688           1652939621687           1652939621684           
1652939621706           1652939621703           1652939621700           
1652939621723           1652939621719           1652939621718           
1652939621739           1652939621737           1652939621734           
1652939621756           1652939621754           1652939621751           
1652939621773           1652939621770           1652939621767           
1652939621789           1652939621787           1652939621784           
1652939621805           1652939621804           1652939621801           
1652939621823           1652939621820           1652939621818           
1652939621839           1652939621836           1652939621834           
1652939621855           1652939621854           1652939621851           
1652939621873           1652939621870           1652939621867           
1652939621890           1652939621886           1652939621885           
1652939621905           1652939621904           1652939621901           
1652939621923           1652939621921           1652939621917           
1652939621940           1652939621937           1652939621935           
1652939621956           1652939621954           1652939621951           
1652939621973           1652939621971           1652939621968           
1652939621990           1652939621987           1652939621985           
1652939622006           1652939622004           1652939622001           
1652939622022           1652939622021           1652939622018           
1652939622040           1652939622037           1652939622035           
1652939622057           1652939622053           1652939622052           
1652939622072           1652939622071           1652939622068           
1652939622090           1652939622087           1652939622084           
1652939622107           1652939622103           1652939622102           
1652939622123           1652939622121           1652939622118           
1652939622140           1652939622138           1652939622134           
1652939622157           1652939622154           1652939622152           
1652939622173           1652939622171           1652939622168           
1652939622189           1652939622188           1652939622184           
1652939622207           1652939622204           1652939622202           
1652939622224           1652939622220           1652939622219           
1652939622239           1652939622238           1652939622235           
1652939622257           1652939622254           1652939622251           
1652939622274           1652939622270           1652939622269           
1652939622290           1652939622288           1652939622285           
1652939622307           1652939622304           1652939622301           
1652939622324           1652939622321           1652939622319           
1652939622340           1652939622338           1652939622335           
1652939622357           1652939622355           1652939622351           
1652939622374           1652939622371           1652939622369           
1652939622391           1652939622387           1652939622401           
1652939622406           1652939622405           1652939622419           
1652939622424           1652939622421           1652939622436           
1652939622441           1652939622437           1652939622452           
1652939622456           1652939622455           1652939622468           
1652939622474           1652939622471           1652939622486           
1652939622491           1652939622487           1652939622502           
1652939622507           1652939622505           1652939622519           
1652939622523           1652939622522           1652939622536           
1652939622541           1652939622538           1652939622552           
1652939622557           1652939622554           1652939622569           
1652939622573           1652939622572           1652939622585           
1652939622591           1652939622588           1652939622603           
1652939622608           1652939622604           1652939622619           
