cam0                    cam1                    cam2                    
1652944062694           1652944062710           1652944063094           
1652944063111           1652944063094           1652944063110           
1652944063128           1652944063110           1652944063128           
1652944063144           1652944063128           1652944063144           
1652944063161           1652944063144           1652944063160           
1652944063177           1652944063161           1652944063178           
1652944063194           1652944063177           1652944063194           
1652944063211           1652944063194           1652944063211           
1652944063227           1652944063211           1652944063228           
1652944063245           1652944063227           1652944063245           
1652944063261           1652944063245           1652944063261           
1652944063277           1652944063278           1652944063277           
1652944063295           1652944063295           1652944063295           
1652944063311           1652944063311           1652944063311           
1652944063328           1652944063327           1652944063328           
1652944063345           1652944063345           1652944063345           
1652944063361           1652944063361           1652944063361           
1652944063378           1652944063378           1652944063378           
1652944063394           1652944063394           1652944063395           
1652944063412           1652944063411           1652944063412           
1652944063428           1652944063428           1652944063428           
1652944063444           1652944063444           1652944063444           
1652944063462           1652944063462           1652944063462           
1652944063478           1652944063478           1652944063478           
1652944063495           1652944063495           1652944063495           
1652944063512           1652944063512           1652944063512           
1652944063528           1652944063528           1652944063528           
1652944063545           1652944063544           1652944063545           
1652944063561           1652944063562           1652944063562           
1652944063578           1652944063578           1652944063578           
1652944063595           1652944063595           1652944063595           
1652944063611           1652944063611           1652944063611           
1652944063629           1652944063629           1652944063629           
1652944063645           1652944063645           1652944063645           
1652944063662           1652944063661           1652944063661           
1652944063679           1652944063695           1652944063679           
1652944063695           1652944063712           1652944063695           
1652944063712           1652944063729           1652944063712           
1652944063728           1652944063745           1652944063728           
1652944063745           1652944063762           1652944063745           
1652944063762           1652944063779           1652944063762           
1652944063778           1652944063795           1652944063779           
1652944063795           1652944063812           1652944063796           
1652944063812           1652944063828           1652944063812           
1652944063828           1652944063846           1652944063828           
1652944063846           1652944063862           1652944063846           
1652944063862           1652944063879           1652944063862           
1652944063879           1652944063896           1652944063879           
1652944063895           1652944063912           1652944063896           
1652944063912           1652944063929           1652944063912           
1652944063929           1652944063945           1652944063929           
1652944063945           1652944063962           1652944063945           
1652944063963           1652944063979           1652944063962           
1652944063979           1652944063995           1652944063979           
1652944063995           1652944064012           1652944063996           
1652944064013           1652944064029           1652944064013           
1652944064029           1652944064045           1652944064029           
1652944064045           1652944064063           1652944064045           
1652944064063           1652944064079           1652944064063           
1652944064079           1652944064095           1652944064079           
1652944064096           1652944064113           1652944064096           
1652944064113           1652944064129           1652944064113           
1652944064129           1652944064146           1652944064129           
1652944064146           1652944064163           1652944064146           
1652944064162           1652944064179           1652944064162           
1652944064180           1652944064196           1652944064179           
1652944064196           1652944064212           1652944064196           
1652944064212           1652944064230           1652944064213           
1652944064230           1652944064246           1652944064230           
1652944064246           1652944064263           1652944064246           
1652944064263           1652944064280           1652944064262           
1652944064280           1652944064296           1652944064280           
1652944064296           1652944064313           1652944064296           
1652944064313           1652944064330           1652944064312           
1652944064329           1652944064346           1652944064330           
1652944064363           1652944064363           1652944064346           
1652944064379           1652944064379           1652944064363           
1652944064397           1652944064397           1652944064380           
1652944064413           1652944064413           1652944064397           
1652944064446           1652944064430           1652944064429           
1652944064463           1652944064447           1652944064447           
1652944064480           1652944064463           1652944064463           
1652944064496           1652944064480           1652944064479           
1652944064513           1652944064497           1652944064496           
1652944064530           1652944064513           1652944064513           
1652944064546           1652944064530           1652944064530           
1652944064563           1652944064546           1652944064547           
1652944064580           1652944064563           1652944064564           
1652944064597           1652944064580           1652944064580           
1652944064614           1652944064596           1652944064597           
1652944064630           1652944064614           1652944064614           
1652944064647           1652944064630           1652944064630           
1652944064664           1652944064647           1652944064647           
1652944064680           1652944064663           1652944064664           
1652944064697           1652944064680           1652944064681           
1652944064713           1652944064697           1652944064697           
1652944064730           1652944064714           1652944064713           
1652944064747           1652944064730           1652944064731           
1652944064763           1652944064747           1652944064747           
1652944064781           1652944064763           1652944064763           
1652944064797           1652944064780           1652944064781           
1652944064814           1652944064797           1652944064797           
1652944064831           1652944064813           1652944064813           
1652944064847           1652944064831           1652944064831           
1652944064864           1652944064847           1652944064847           
1652944064881           1652944064864           1652944064864           
1652944064897           1652944064881           1652944064881           
1652944064914           1652944064897           1652944064897           
1652944064930           1652944064914           1652944064914           
1652944064948           1652944064930           1652944064930           
1652944064964           1652944064947           1652944064948           
1652944064980           1652944064964           1652944064964           
1652944064998           1652944064980           1652944064980           
1652944065014           1652944064998           1652944064998           
1652944065031           1652944065014           1652944065014           
1652944065048           1652944065030           1652944065031           
1652944065064           1652944065048           1652944065048           
1652944065081           1652944065064           1652944065064           
1652944065097           1652944065080           1652944065081           
1652944065114           1652944065098           1652944065098           
1652944065131           1652944065114           1652944065114           
1652944065147           1652944065131           1652944065131           
1652944065165           1652944065147           1652944065147           
1652944065181           1652944065165           1652944065165           
1652944065197           1652944065181           1652944065181           
1652944065215           1652944065197           1652944065197           
1652944065231           1652944065215           1652944065215           
1652944065248           1652944065231           1652944065231           
1652944065265           1652944065248           1652944065247           
1652944065281           1652944065265           1652944065265           
1652944065298           1652944065281           1652944065282           
1652944065314           1652944065298           1652944065297           
1652944065331           1652944065314           1652944065315           
1652944065348           1652944065331           1652944065332           
1652944065364           1652944065348           1652944065365           
1652944065382           1652944065364           1652944065382           
1652944065398           1652944065382           1652944065398           
1652944065415           1652944065398           1652944065415           
1652944065431           1652944065414           1652944065432           
1652944065449           1652944065432           1652944065448           
1652944065465           1652944065448           1652944065465           
1652944065481           1652944065465           1652944065481           
1652944065498           1652944065481           1652944065499           
1652944065515           1652944065498           1652944065515           
1652944065532           1652944065515           1652944065531           
1652944065549           1652944065531           1652944065549           
1652944065565           1652944065549           1652944065565           
1652944065581           1652944065565           1652944065581           
1652944065599           1652944065581           1652944065599           
1652944065615           1652944065599           1652944065615           
1652944065632           1652944065615           1652944065632           
1652944065649           1652944065632           1652944065649           
1652944065666           1652944065649           1652944065665           
1652944065682           1652944065665           1652944065682           
1652944065698           1652944065682           1652944065698           
1652944065716           1652944065698           1652944065716           
1652944065732           1652944065715           1652944065732           
1652944065748           1652944065732           1652944065748           
1652944065766           1652944065748           1652944065766           
1652944065782           1652944065766           1652944065782           
1652944065798           1652944065782           1652944065798           
1652944065816           1652944065799           1652944065816           
1652944065832           1652944065816           1652944065832           
1652944065849           1652944065832           1652944065849           
1652944065865           1652944065849           1652944065865           
1652944065882           1652944065866           1652944065883           
1652944065899           1652944065882           1652944065899           
1652944065915           1652944065899           1652944065916           
1652944065933           1652944065915           1652944065933           
1652944065949           1652944065933           1652944065949           
1652944065966           1652944065949           1652944065965           
1652944065983           1652944065965           1652944065983           
1652944065999           1652944065983           1652944065999           
1652944066016           1652944066016           1652944066016           
1652944066032           1652944066033           1652944066033           
1652944066050           1652944066049           1652944066049           
1652944066066           1652944066066           1652944066065           
1652944066082           1652944066083           1652944066083           
1652944066100           1652944066099           1652944066100           
1652944066116           1652944066116           1652944066116           
1652944066132           1652944066132           1652944066132           
1652944066150           1652944066150           1652944066150           
1652944066166           1652944066166           1652944066166           
1652944066183           1652944066183           1652944066183           
1652944066199           1652944066200           1652944066200           
1652944066216           1652944066216           1652944066216           
1652944066233           1652944066233           1652944066233           
1652944066249           1652944066249           1652944066250           
1652944066267           1652944066266           1652944066267           
1652944066283           1652944066283           1652944066283           
1652944066299           1652944066299           1652944066299           
1652944066317           1652944066316           1652944066317           
1652944066333           1652944066333           1652944066333           
1652944066350           1652944066349           1652944066349           
1652944066367           1652944066367           1652944066367           
1652944066383           1652944066383           1652944066383           
1652944066400           1652944066400           1652944066400           
1652944066416           1652944066416           1652944066417           
1652944066434           1652944066433           1652944066433           
1652944066450           1652944066450           1652944066450           
1652944066466           1652944066466           1652944066466           
1652944066484           1652944066483           1652944066484           
1652944066500           1652944066500           1652944066500           
1652944066517           1652944066516           1652944066516           
1652944066534           1652944066534           1652944066534           
1652944066550           1652944066550           1652944066550           
1652944066567           1652944066567           1652944066566           
1652944066583           1652944066584           1652944066584           
1652944066600           1652944066600           1652944066600           
1652944066617           1652944066617           1652944066616           
1652944066633           1652944066634           1652944066634           
1652944066651           1652944066650           1652944066651           
1652944066667           1652944066667           1652944066667           
1652944066683           1652944066683           1652944066683           
1652944066701           1652944066701           1652944066701           
1652944066717           1652944066717           1652944066717           
1652944066734           1652944066733           1652944066733           
1652944066751           1652944066751           1652944066751           
1652944066767           1652944066767           1652944066767           
1652944066784           1652944066784           1652944066783           
1652944066801           1652944066801           1652944066801           
1652944066817           1652944066817           1652944066817           
1652944066834           1652944066834           1652944066833           
1652944066851           1652944066850           1652944066850           
1652944066868           1652944066867           1652944066868           
1652944066884           1652944066884           1652944066884           
1652944066900           1652944066900           1652944066901           
1652944066918           1652944066918           1652944066918           
1652944066934           1652944066934           1652944066934           
1652944066951           1652944066951           1652944066950           
1652944066967           1652944066968           1652944066968           
1652944066984           1652944066984           1652944066984           
1652944067001           1652944067001           1652944067000           
1652944067017           1652944067018           1652944067017           
1652944067035           1652944067034           1652944067035           
1652944067051           1652944067051           1652944067051           
1652944067067           1652944067067           1652944067067           
1652944067085           1652944067085           1652944067085           
1652944067101           1652944067101           1652944067101           
1652944067118           1652944067117           1652944067117           
1652944067134           1652944067135           1652944067135           
1652944067151           1652944067151           1652944067151           
1652944067168           1652944067168           1652944067168           
1652944067184           1652944067184           1652944067185           
1652944067202           1652944067201           1652944067202           
1652944067218           1652944067218           1652944067218           
1652944067234           1652944067234           1652944067234           
1652944067252           1652944067251           1652944067252           
1652944067268           1652944067268           1652944067268           
1652944067285           1652944067284           1652944067285           
1652944067302           1652944067302           1652944067302           
1652944067318           1652944067318           1652944067318           
1652944067335           1652944067334           1652944067334           
1652944067351           1652944067352           1652944067352           
1652944067368           1652944067368           1652944067368           
1652944067385           1652944067385           1652944067385           
1652944067401           1652944067401           1652944067402           
1652944067419           1652944067418           1652944067419           
1652944067435           1652944067435           1652944067435           
1652944067451           1652944067452           1652944067452           
1652944067469           1652944067469           1652944067469           
1652944067485           1652944067485           1652944067485           
1652944067502           1652944067501           1652944067501           
1652944067519           1652944067519           1652944067519           
1652944067535           1652944067535           1652944067535           
1652944067552           1652944067552           1652944067552           
1652944067568           1652944067568           1652944067569           
1652944067585           1652944067585           1652944067585           
1652944067602           1652944067602           1652944067601           
1652944067618           1652944067619           1652944067618           
1652944067636           1652944067635           1652944067636           
1652944067652           1652944067652           1652944067652           
1652944067669           1652944067668           1652944067668           
1652944067686           1652944067686           1652944067686           
1652944067702           1652944067702           1652944067702           
1652944067719           1652944067719           1652944067718           
1652944067735           1652944067735           1652944067735           
1652944067752           1652944067752           1652944067752           
1652944067769           1652944067769           1652944067769           
1652944067785           1652944067786           1652944067786           
1652944067803           1652944067802           1652944067803           
1652944067819           1652944067819           1652944067819           
1652944067835           1652944067835           1652944067835           
1652944067853           1652944067853           1652944067853           
1652944067869           1652944067869           1652944067869           
1652944067886           1652944067885           1652944067886           
1652944067903           1652944067903           1652944067903           
1652944067919           1652944067919           1652944067919           
1652944067936           1652944067936           1652944067935           
1652944067952           1652944067953           1652944067953           
1652944067970           1652944067969           1652944067969           
1652944067986           1652944067986           1652944067986           
1652944068002           1652944068002           1652944068003           
1652944068020           1652944068019           1652944068020           
1652944068036           1652944068036           1652944068036           
1652944068053           1652944068052           1652944068052           
1652944068070           1652944068070           1652944068070           
